1.000000 0.222351 0.258350 0.213362 0.207401 0.227722 0.198466 0.208851 0.168991 0.312129 0.416921 0.131891 0.041109 0.404116 0.132693 0.307748 0.228704 0.145803 0.312645 0.271906 0.327670 0.057843 0.278520 0.305555 0.407370 0.084558 0.172725 0.200781 0.091949 0.140950
0.229838 1.000000 0.185386 0.272347 0.192210 0.214440 0.074633 0.163437 0.192130 0.259354 0.297840 0.121089 0.143417 0.187252 0.041261 0.197365 0.164240 0.153784 0.196395 0.200415 0.267573 0.000000 0.159349 0.225975 0.200247 0.102374 0.174424 0.164064 0.033415 0.069184
0.267624 0.187751 1.000000 0.144131 0.189630 0.196332 0.069593 0.252207 0.140134 0.248284 0.361605 0.121876 0.201763 0.214303 0.136214 0.184062 0.030658 0.145092 0.122192 0.150594 0.423208 0.099567 0.297561 0.350359 0.171437 0.096972 0.091893 0.140779 0.020696 0.067901
0.103899 0.163033 0.012689 1.000000 0.127518 0.146280 0.106133 0.285520 0.213894 0.294755 0.113587 0.233169 0.219573 0.262532 0.218259 0.306562 0.255700 0.143573 0.262226 0.318161 0.020852 0.134519 0.000000 0.054002 0.071904 0.420308 0.386607 0.319041 0.310907 0.342004
0.193232 0.169775 0.164698 0.220404 1.000000 0.273388 0.222082 0.197805 0.245862 0.273802 0.293819 0.271677 0.201082 0.227654 0.065752 0.146595 0.188838 0.279628 0.209615 0.046198 0.308064 0.094091 0.215649 0.180906 0.306114 0.075047 0.155821 0.199633 0.126697 0.003674
0.261883 0.241888 0.222155 0.283716 0.317726 1.000000 0.198982 0.375252 0.274794 0.462804 0.338876 0.243635 0.265786 0.182017 0.104701 0.256874 0.088853 0.125051 0.186693 0.307973 0.373800 0.091010 0.293087 0.336411 0.273063 0.344709 0.456475 0.229000 0.275449 0.279006
0.266685 0.145160 0.138003 0.282108 0.300790 0.233240 1.000000 0.300392 0.475688 0.230879 0.252497 0.282281 0.309019 0.177687 0.228614 0.255614 0.164655 0.210515 0.122522 0.169580 0.274680 0.222442 0.219928 0.209962 0.292034 0.253740 0.306904 0.322430 0.314048 0.246007
0.218236 0.165323 0.251721 0.380237 0.221243 0.354093 0.244380 1.000000 0.347321 0.282678 0.322015 0.120445 0.193907 0.220222 0.147465 0.307716 0.281318 0.157365 0.221424 0.220314 0.357737 0.214367 0.132568 0.241190 0.309844 0.345782 0.368548 0.426116 0.280048 0.222157
0.164098 0.179473 0.124120 0.305858 0.254745 0.236764 0.423539 0.335597 1.000000 0.091792 0.215281 0.262032 0.417886 0.280137 0.269611 0.419633 0.413101 0.258691 0.259421 0.262343 0.292140 0.297920 0.116987 0.236852 0.114897 0.345984 0.343522 0.317915 0.375074 0.154906
0.284358 0.221961 0.208033 0.355910 0.257753 0.415251 0.125389 0.244760 0.060656 1.000000 0.318629 0.132090 0.002171 0.232462 0.092521 0.198600 0.063702 0.113095 0.173075 0.159114 0.279725 0.081204 0.182466 0.178026 0.282728 0.147824 0.246908 0.112835 0.097457 0.177217
0.389583 0.257771 0.323210 0.185382 0.273692 0.275846 0.144650 0.281705 0.183296 0.314363 1.000000 0.081984 0.087678 0.450337 0.035096 0.285228 0.276930 0.103744 0.249089 0.238692 0.492835 0.089702 0.335900 0.253005 0.668120 0.041635 0.076273 0.200666 0.054168 0.093642
0.103994 0.084025 0.082181 0.305209 0.261475 0.183199 0.190303 0.081282 0.242775 0.138961 0.094920 1.000000 0.170128 0.146034 0.237597 0.196040 0.078320 0.089777 0.307082 0.155124 0.083949 0.118294 0.093945 0.158664 0.058676 0.237259 0.266099 0.072319 0.201512 0.155164
0.000226 0.098212 0.157191 0.285696 0.181650 0.199053 0.212537 0.149449 0.396620 0.000000 0.091382 0.161686 1.000000 0.163375 0.328110 0.047887 0.059137 0.123323 0.000000 0.094314 0.143431 0.233665 0.180031 0.120335 0.097507 0.399183 0.464778 0.379861 0.402622 0.244428
0.396380 0.168697 0.194026 0.344213 0.231368 0.133050 0.089520 0.200617 0.275059 0.252669 0.468139 0.161881 0.187169 1.000000 0.020479 0.390032 0.354059 0.338446 0.235850 0.363468 0.332995 0.089953 0.273758 0.247528 0.406141 0.072673 0.117115 0.257650 0.122379 0.110006
0.130836 0.029866 0.123403 0.312283 0.080195 0.061259 0.155048 0.135383 0.272331 0.125868 0.076337 0.259752 0.354205 0.030961 1.000000 0.230348 0.081068 0.094829 0.176716 0.156129 0.125320 0.234811 0.120275 0.084541 0.109153 0.121128 0.227156 0.186696 0.115354 0.072587
0.340984 0.228471 0.213400 0.420494 0.201837 0.259811 0.225428 0.333042 0.450731 0.266681 0.350020 0.258469 0.130664 0.426759 0.268865 1.000000 0.506775 0.285972 0.390615 0.534687 0.293779 0.278181 0.187829 0.356135 0.211719 0.227447 0.277153 0.276195 0.212173 0.068167
0.232314 0.160064 0.022980 0.349678 0.206815 0.051147 0.091218 0.276095 0.419267 0.104248 0.312547 0.111197 0.101835 0.365322 0.087324 0.484326 1.000000 0.312622 0.436297 0.367632 0.252216 0.226642 0.126264 0.143363 0.216580 0.178496 0.157169 0.306019 0.192049 0.056065
0.066902 0.066633 0.054301 0.178746 0.226909 0.000000 0.057364 0.068483 0.194957 0.068770 0.064807 0.036659 0.081507 0.286601 0.013333 0.180682 0.245598 1.000000 0.084722 0.097279 0.116231 0.070191 0.187459 0.136033 0.131645 0.000000 0.000000 0.000000 0.109970 0.000000
0.283339 0.153987 0.073177 0.324736 0.190390 0.112772 0.000000 0.178483 0.232365 0.171276 0.252138 0.300032 0.000000 0.213481 0.143449 0.332590 0.409499 0.126392 1.000000 0.224279 0.231712 0.177780 0.176165 0.237315 0.195389 0.230370 0.194514 0.147344 0.074701 0.164613
0.305291 0.229661 0.179280 0.428896 0.105917 0.309146 0.133947 0.247134 0.300286 0.228806 0.306134 0.218963 0.171180 0.400438 0.196544 0.533633 0.393790 0.211504 0.290114 1.000000 0.279010 0.091495 0.269116 0.313799 0.250795 0.126534 0.226109 0.220876 0.150857 0.097685
0.286470 0.215134 0.380112 0.087788 0.278560 0.304670 0.158623 0.310197 0.253160 0.265251 0.485863 0.058084 0.128115 0.301193 0.073704 0.212703 0.202661 0.141383 0.217975 0.198057 1.000000 0.213351 0.217042 0.375349 0.391315 0.028461 0.125429 0.280593 0.000000 0.037763
0.066915 0.000000 0.096946 0.247557 0.118572 0.058099 0.158291 0.212592 0.308750 0.125362 0.138845 0.153971 0.272080 0.110267 0.243798 0.249079 0.230486 0.157010 0.218995 0.057003 0.265909 1.000000 0.208615 0.184968 0.093743 0.227906 0.273250 0.278845 0.133895 0.206180
0.178123 0.033060 0.189683 0.000000 0.122196 0.157449 0.028712 0.000000 0.000000 0.104843 0.277370 0.000000 0.104126 0.183302 0.000000 0.028153 0.000000 0.152659 0.099902 0.127400 0.159590 0.089727 1.000000 0.082415 0.228397 0.018308 0.056946 0.017373 0.015958 0.113404
0.287717 0.198374 0.325234 0.148228 0.174621 0.287865 0.114284 0.212354 0.221830 0.189628 0.268132 0.163920 0.134634 0.238090 0.063032 0.306291 0.117225 0.188771 0.249713 0.262348 0.396297 0.155904 0.173811 1.000000 0.173263 0.061042 0.160270 0.122078 0.080705 0.033652
0.391918 0.171417 0.139069 0.164033 0.300526 0.219590 0.205997 0.283349 0.097136 0.292586 0.674718 0.064205 0.111844 0.398467 0.087879 0.150375 0.192373 0.184345 0.208171 0.194317 0.411507 0.061073 0.304991 0.172953 1.000000 0.060689 0.130672 0.173588 0.115692 0.114351
0.000000 0.009928 0.001070 0.444116 0.007356 0.251053 0.108973 0.276774 0.289755 0.105234 0.000000 0.192747 0.370525 0.000000 0.042000 0.113528 0.098395 0.000000 0.193659 0.000000 0.000000 0.148389 0.058626 0.000000 0.000000 1.000000 0.729726 0.444994 0.617929 0.461181
0.100402 0.093521 0.000000 0.414461 0.098142 0.381604 0.176197 0.305101 0.290309 0.212849 0.040506 0.226787 0.441787 0.052235 0.161388 0.174317 0.079176 0.004527 0.159913 0.118010 0.103884 0.202032 0.099771 0.109727 0.078694 0.730949 1.000000 0.509104 0.621691 0.547770
0.196799 0.151732 0.125565 0.399246 0.209773 0.189299 0.255708 0.416333 0.318530 0.143015 0.232662 0.096725 0.402257 0.263513 0.184391 0.235905 0.299282 0.079998 0.178137 0.179367 0.318756 0.268206 0.133109 0.139802 0.190576 0.489393 0.546321 1.000000 0.407972 0.286853
0.124095 0.058568 0.043404 0.416498 0.172409 0.268754 0.276778 0.297198 0.400726 0.163192 0.128514 0.253760 0.447334 0.164297 0.148496 0.201738 0.216986 0.214073 0.143956 0.141555 0.091098 0.156433 0.166745 0.135457 0.168673 0.662618 0.664421 0.431762 1.000000 0.477798
0.122368 0.039804 0.035682 0.409887 0.000000 0.229321 0.158038 0.195792 0.141679 0.192039 0.115508 0.163763 0.259650 0.102408 0.054551 0.000000 0.031112 0.064756 0.181443 0.033867 0.073711 0.181125 0.204871 0.037474 0.118186 0.496073 0.575131 0.275038 0.446922 1.000000
